2024/06/25-12:47:11.978044 4a98 RocksDB version: 7.10.0
2024/06/25-12:47:11.978118 4a98 Git sha 24a3f3617a9c10ebaa2a44a954c0d88953cae958
2024/06/25-12:47:11.978130 4a98 Compile date 2022-12-16 11:41:46
2024/06/25-12:47:11.978140 4a98 DB SUMMARY
2024/06/25-12:47:11.978147 4a98 DB Session ID:  LRIMIHKFJ5R0CJB3Y404
2024/06/25-12:47:11.978235 4a98 CURRENT file:  CURRENT
2024/06/25-12:47:11.978243 4a98 IDENTITY file:  IDENTITY
2024/06/25-12:47:11.978265 4a98 MANIFEST file:  MANIFEST-000005 size: 66 Bytes
2024/06/25-12:47:11.978275 4a98 SST files in C:\Users\jwach\Projects\TSWrappedGeniusSDK\SuperGNUSNode.TestNet.0xfeed dir, Total Num: 0, files: 
2024/06/25-12:47:11.978284 4a98 Write Ahead Log file in C:\Users\jwach\Projects\TSWrappedGeniusSDK\SuperGNUSNode.TestNet.0xfeed: 000004.log size: 3540 ; 
2024/06/25-12:47:11.978393 4a98                         Options.error_if_exists: 0
2024/06/25-12:47:11.978408 4a98                       Options.create_if_missing: 1
2024/06/25-12:47:11.978412 4a98                         Options.paranoid_checks: 1
2024/06/25-12:47:11.978416 4a98             Options.flush_verify_memtable_count: 1
2024/06/25-12:47:11.978421 4a98                               Options.track_and_verify_wals_in_manifest: 0
2024/06/25-12:47:11.978425 4a98        Options.verify_sst_unique_id_in_manifest: 1
2024/06/25-12:47:11.978429 4a98                                     Options.env: 000001ABAF160EF0
2024/06/25-12:47:11.978436 4a98                                      Options.fs: WinFS
2024/06/25-12:47:11.978441 4a98                                Options.info_log: 000001ABAE94E130
2024/06/25-12:47:11.978445 4a98                Options.max_file_opening_threads: 16
2024/06/25-12:47:11.978449 4a98                              Options.statistics: 0000000000000000
2024/06/25-12:47:11.978454 4a98                               Options.use_fsync: 0
2024/06/25-12:47:11.978458 4a98                       Options.max_log_file_size: 0
2024/06/25-12:47:11.978463 4a98                  Options.max_manifest_file_size: 1073741824
2024/06/25-12:47:11.978467 4a98                   Options.log_file_time_to_roll: 0
2024/06/25-12:47:11.978471 4a98                       Options.keep_log_file_num: 1000
2024/06/25-12:47:11.978476 4a98                    Options.recycle_log_file_num: 0
2024/06/25-12:47:11.978480 4a98                         Options.allow_fallocate: 1
2024/06/25-12:47:11.978484 4a98                        Options.allow_mmap_reads: 0
2024/06/25-12:47:11.978488 4a98                       Options.allow_mmap_writes: 0
2024/06/25-12:47:11.978492 4a98                        Options.use_direct_reads: 0
2024/06/25-12:47:11.978496 4a98                        Options.use_direct_io_for_flush_and_compaction: 0
2024/06/25-12:47:11.978501 4a98          Options.create_missing_column_families: 0
2024/06/25-12:47:11.978505 4a98                              Options.db_log_dir: 
2024/06/25-12:47:11.978509 4a98                                 Options.wal_dir: 
2024/06/25-12:47:11.978513 4a98                Options.table_cache_numshardbits: 6
2024/06/25-12:47:11.978517 4a98                         Options.WAL_ttl_seconds: 0
2024/06/25-12:47:11.978521 4a98                       Options.WAL_size_limit_MB: 0
2024/06/25-12:47:11.978525 4a98                        Options.max_write_batch_group_size_bytes: 1048576
2024/06/25-12:47:11.978530 4a98             Options.manifest_preallocation_size: 4194304
2024/06/25-12:47:11.978534 4a98                     Options.is_fd_close_on_exec: 1
2024/06/25-12:47:11.978538 4a98                   Options.advise_random_on_open: 1
2024/06/25-12:47:11.978542 4a98                    Options.db_write_buffer_size: 0
2024/06/25-12:47:11.978546 4a98                    Options.write_buffer_manager: 000001ABAFC9AE40
2024/06/25-12:47:11.978550 4a98         Options.access_hint_on_compaction_start: 1
2024/06/25-12:47:11.978554 4a98           Options.random_access_max_buffer_size: 1048576
2024/06/25-12:47:11.978559 4a98                      Options.use_adaptive_mutex: 0
2024/06/25-12:47:11.978563 4a98                            Options.rate_limiter: 0000000000000000
2024/06/25-12:47:11.978584 4a98     Options.sst_file_manager.rate_bytes_per_sec: 0
2024/06/25-12:47:11.978590 4a98                       Options.wal_recovery_mode: 2
2024/06/25-12:47:11.978594 4a98                  Options.enable_thread_tracking: 0
2024/06/25-12:47:11.978599 4a98                  Options.enable_pipelined_write: 0
2024/06/25-12:47:11.978603 4a98                  Options.unordered_write: 0
2024/06/25-12:47:11.978607 4a98         Options.allow_concurrent_memtable_write: 1
2024/06/25-12:47:11.978611 4a98      Options.enable_write_thread_adaptive_yield: 1
2024/06/25-12:47:11.978615 4a98             Options.write_thread_max_yield_usec: 100
2024/06/25-12:47:11.978619 4a98            Options.write_thread_slow_yield_usec: 3
2024/06/25-12:47:11.978624 4a98                               Options.row_cache: None
2024/06/25-12:47:11.978628 4a98                              Options.wal_filter: None
2024/06/25-12:47:11.978632 4a98             Options.avoid_flush_during_recovery: 0
2024/06/25-12:47:11.978636 4a98             Options.allow_ingest_behind: 0
2024/06/25-12:47:11.978641 4a98             Options.two_write_queues: 0
2024/06/25-12:47:11.978646 4a98             Options.manual_wal_flush: 0
2024/06/25-12:47:11.978652 4a98             Options.wal_compression: 0
2024/06/25-12:47:11.978656 4a98             Options.atomic_flush: 0
2024/06/25-12:47:11.978662 4a98             Options.avoid_unnecessary_blocking_io: 0
2024/06/25-12:47:11.978667 4a98                 Options.persist_stats_to_disk: 0
2024/06/25-12:47:11.978671 4a98                 Options.write_dbid_to_manifest: 0
2024/06/25-12:47:11.978676 4a98                 Options.log_readahead_size: 0
2024/06/25-12:47:11.978681 4a98                 Options.file_checksum_gen_factory: Unknown
2024/06/25-12:47:11.978685 4a98                 Options.best_efforts_recovery: 0
2024/06/25-12:47:11.978689 4a98                Options.max_bgerror_resume_count: 2147483647
2024/06/25-12:47:11.978693 4a98            Options.bgerror_resume_retry_interval: 1000000
2024/06/25-12:47:11.978697 4a98             Options.allow_data_in_errors: 0
2024/06/25-12:47:11.978701 4a98             Options.db_host_id: __hostname__
2024/06/25-12:47:11.978704 4a98             Options.enforce_single_del_contracts: true
2024/06/25-12:47:11.978708 4a98             Options.max_background_jobs: 2
2024/06/25-12:47:11.978712 4a98             Options.max_background_compactions: -1
2024/06/25-12:47:11.978716 4a98             Options.max_subcompactions: 1
2024/06/25-12:47:11.978720 4a98             Options.avoid_flush_during_shutdown: 0
2024/06/25-12:47:11.978724 4a98           Options.writable_file_max_buffer_size: 1048576
2024/06/25-12:47:11.978729 4a98             Options.delayed_write_rate : 16777216
2024/06/25-12:47:11.978733 4a98             Options.max_total_wal_size: 0
2024/06/25-12:47:11.978736 4a98             Options.delete_obsolete_files_period_micros: 21600000000
2024/06/25-12:47:11.978741 4a98                   Options.stats_dump_period_sec: 600
2024/06/25-12:47:11.978745 4a98                 Options.stats_persist_period_sec: 600
2024/06/25-12:47:11.978749 4a98                 Options.stats_history_buffer_size: 1048576
2024/06/25-12:47:11.978753 4a98                          Options.max_open_files: -1
2024/06/25-12:47:11.978757 4a98                          Options.bytes_per_sync: 0
2024/06/25-12:47:11.978761 4a98                      Options.wal_bytes_per_sync: 0
2024/06/25-12:47:11.978765 4a98                   Options.strict_bytes_per_sync: 0
2024/06/25-12:47:11.978769 4a98       Options.compaction_readahead_size: 0
2024/06/25-12:47:11.978773 4a98                  Options.max_background_flushes: -1
2024/06/25-12:47:11.978777 4a98 Compression algorithms supported:
2024/06/25-12:47:11.978781 4a98 	kZSTD supported: 0
2024/06/25-12:47:11.978785 4a98 	kSnappyCompression supported: 0
2024/06/25-12:47:11.978789 4a98 	kBZip2Compression supported: 0
2024/06/25-12:47:11.978793 4a98 	kZlibCompression supported: 0
2024/06/25-12:47:11.978797 4a98 	kLZ4Compression supported: 0
2024/06/25-12:47:11.978801 4a98 	kXpressCompression supported: 0
2024/06/25-12:47:11.978813 4a98 	kLZ4HCCompression supported: 0
2024/06/25-12:47:11.978817 4a98 	kZSTDNotFinalCompression supported: 0
2024/06/25-12:47:11.978825 4a98 Fast CRC32 supported: Supported on x86
2024/06/25-12:47:11.978829 4a98 DMutex implementation: std::mutex
2024/06/25-12:47:11.979116 4a98 [db\version_set.cc:5609] Recovering from manifest file: C:\Users\jwach\Projects\TSWrappedGeniusSDK\SuperGNUSNode.TestNet.0xfeed/MANIFEST-000005
2024/06/25-12:47:11.979356 4a98 [db\column_family.cc:633] --------------- Options for column family [default]:
2024/06/25-12:47:11.979365 4a98               Options.comparator: leveldb.BytewiseComparator
2024/06/25-12:47:11.979369 4a98           Options.merge_operator: None
2024/06/25-12:47:11.979373 4a98        Options.compaction_filter: None
2024/06/25-12:47:11.979377 4a98        Options.compaction_filter_factory: None
2024/06/25-12:47:11.979382 4a98  Options.sst_partitioner_factory: None
2024/06/25-12:47:11.979386 4a98         Options.memtable_factory: SkipListFactory
2024/06/25-12:47:11.979390 4a98            Options.table_factory: BlockBasedTable
2024/06/25-12:47:11.979462 4a98            table_factory options:   flush_block_policy_factory: FlushBlockBySizePolicyFactory (000001ABAF112DB0)
  cache_index_and_filter_blocks: 0
  cache_index_and_filter_blocks_with_high_priority: 1
  pin_l0_filter_and_index_blocks_in_cache: 0
  pin_top_level_index_and_filter: 1
  index_type: 0
  data_block_index_type: 0
  index_shortening: 1
  data_block_hash_table_util_ratio: 0.750000
  checksum: 4
  no_block_cache: 0
  block_cache: 000001ABACB00820
  block_cache_name: LRUCache
  block_cache_options:
    capacity : 8388608
    num_shard_bits : 4
    strict_capacity_limit : 0
    memory_allocator : None
    high_pri_pool_ratio: 0.000
    low_pri_pool_ratio: 0.000
  block_cache_compressed: 0000000000000000
  persistent_cache: 0000000000000000
  block_size: 4096
  block_size_deviation: 10
  block_restart_interval: 16
  index_block_restart_interval: 1
  metadata_block_size: 4096
  partition_filters: 0
  use_delta_encoding: 1
  filter_policy: bloomfilter
  whole_key_filtering: 1
  verify_compression: 0
  read_amp_bytes_per_bit: 0
  format_version: 5
  enable_index_compression: 1
  block_align: 0
  max_auto_readahead_size: 262144
  prepopulate_block_cache: 0
  initial_auto_readahead_size: 8192
  num_file_reads_for_auto_readahead: 2
2024/06/25-12:47:11.979467 4a98        Options.write_buffer_size: 67108864
2024/06/25-12:47:11.979471 4a98  Options.max_write_buffer_number: 2
2024/06/25-12:47:11.979476 4a98          Options.compression: NoCompression
2024/06/25-12:47:11.979480 4a98                  Options.bottommost_compression: Disabled
2024/06/25-12:47:11.979484 4a98       Options.prefix_extractor: rocksdb.CappedPrefix
2024/06/25-12:47:11.979488 4a98   Options.memtable_insert_with_hint_prefix_extractor: nullptr
2024/06/25-12:47:11.979492 4a98             Options.num_levels: 7
2024/06/25-12:47:11.979496 4a98        Options.min_write_buffer_number_to_merge: 1
2024/06/25-12:47:11.979500 4a98     Options.max_write_buffer_number_to_maintain: 0
2024/06/25-12:47:11.979504 4a98     Options.max_write_buffer_size_to_maintain: 0
2024/06/25-12:47:11.979508 4a98            Options.bottommost_compression_opts.window_bits: -14
2024/06/25-12:47:11.979513 4a98                  Options.bottommost_compression_opts.level: 32767
2024/06/25-12:47:11.979517 4a98               Options.bottommost_compression_opts.strategy: 0
2024/06/25-12:47:11.979521 4a98         Options.bottommost_compression_opts.max_dict_bytes: 0
2024/06/25-12:47:11.979525 4a98         Options.bottommost_compression_opts.zstd_max_train_bytes: 0
2024/06/25-12:47:11.979530 4a98         Options.bottommost_compression_opts.parallel_threads: 1
2024/06/25-12:47:11.979534 4a98                  Options.bottommost_compression_opts.enabled: false
2024/06/25-12:47:11.979539 4a98         Options.bottommost_compression_opts.max_dict_buffer_bytes: 0
2024/06/25-12:47:11.979544 4a98         Options.bottommost_compression_opts.use_zstd_dict_trainer: true
2024/06/25-12:47:11.979549 4a98            Options.compression_opts.window_bits: -14
2024/06/25-12:47:11.979554 4a98                  Options.compression_opts.level: 32767
2024/06/25-12:47:11.979558 4a98               Options.compression_opts.strategy: 0
2024/06/25-12:47:11.979562 4a98         Options.compression_opts.max_dict_bytes: 0
2024/06/25-12:47:11.979566 4a98         Options.compression_opts.zstd_max_train_bytes: 0
2024/06/25-12:47:11.979570 4a98         Options.compression_opts.use_zstd_dict_trainer: true
2024/06/25-12:47:11.979575 4a98         Options.compression_opts.parallel_threads: 1
2024/06/25-12:47:11.979579 4a98                  Options.compression_opts.enabled: false
2024/06/25-12:47:11.979583 4a98         Options.compression_opts.max_dict_buffer_bytes: 0
2024/06/25-12:47:11.979587 4a98      Options.level0_file_num_compaction_trigger: 4
2024/06/25-12:47:11.979591 4a98          Options.level0_slowdown_writes_trigger: 20
2024/06/25-12:47:11.979595 4a98              Options.level0_stop_writes_trigger: 36
2024/06/25-12:47:11.979599 4a98                   Options.target_file_size_base: 67108864
2024/06/25-12:47:11.979603 4a98             Options.target_file_size_multiplier: 1
2024/06/25-12:47:11.979607 4a98                Options.max_bytes_for_level_base: 268435456
2024/06/25-12:47:11.979611 4a98 Options.level_compaction_dynamic_level_bytes: 0
2024/06/25-12:47:11.979615 4a98          Options.max_bytes_for_level_multiplier: 10.000000
2024/06/25-12:47:11.979622 4a98 Options.max_bytes_for_level_multiplier_addtl[0]: 1
2024/06/25-12:47:11.979627 4a98 Options.max_bytes_for_level_multiplier_addtl[1]: 1
2024/06/25-12:47:11.979631 4a98 Options.max_bytes_for_level_multiplier_addtl[2]: 1
2024/06/25-12:47:11.979635 4a98 Options.max_bytes_for_level_multiplier_addtl[3]: 1
2024/06/25-12:47:11.979639 4a98 Options.max_bytes_for_level_multiplier_addtl[4]: 1
2024/06/25-12:47:11.979643 4a98 Options.max_bytes_for_level_multiplier_addtl[5]: 1
2024/06/25-12:47:11.979647 4a98 Options.max_bytes_for_level_multiplier_addtl[6]: 1
2024/06/25-12:47:11.979652 4a98       Options.max_sequential_skip_in_iterations: 8
2024/06/25-12:47:11.979656 4a98                    Options.max_compaction_bytes: 1677721600
2024/06/25-12:47:11.979660 4a98   Options.ignore_max_compaction_bytes_for_input: true
2024/06/25-12:47:11.979664 4a98                        Options.arena_block_size: 1048576
2024/06/25-12:47:11.979668 4a98   Options.soft_pending_compaction_bytes_limit: 68719476736
2024/06/25-12:47:11.979672 4a98   Options.hard_pending_compaction_bytes_limit: 274877906944
2024/06/25-12:47:11.979676 4a98                Options.disable_auto_compactions: 0
2024/06/25-12:47:11.979682 4a98                        Options.compaction_style: kCompactionStyleLevel
2024/06/25-12:47:11.979688 4a98                          Options.compaction_pri: kMinOverlappingRatio
2024/06/25-12:47:11.979692 4a98 Options.compaction_options_universal.size_ratio: 1
2024/06/25-12:47:11.979696 4a98 Options.compaction_options_universal.min_merge_width: 2
2024/06/25-12:47:11.979701 4a98 Options.compaction_options_universal.max_merge_width: 4294967295
2024/06/25-12:47:11.979705 4a98 Options.compaction_options_universal.max_size_amplification_percent: 200
2024/06/25-12:47:11.979710 4a98 Options.compaction_options_universal.compression_size_percent: -1
2024/06/25-12:47:11.979715 4a98 Options.compaction_options_universal.stop_style: kCompactionStopStyleTotalSize
2024/06/25-12:47:11.979720 4a98 Options.compaction_options_fifo.max_table_files_size: 1073741824
2024/06/25-12:47:11.979724 4a98 Options.compaction_options_fifo.allow_compaction: 0
2024/06/25-12:47:11.979731 4a98                   Options.table_properties_collectors: 
2024/06/25-12:47:11.979736 4a98                   Options.inplace_update_support: 0
2024/06/25-12:47:11.979740 4a98                 Options.inplace_update_num_locks: 10000
2024/06/25-12:47:11.979745 4a98               Options.memtable_prefix_bloom_size_ratio: 0.000000
2024/06/25-12:47:11.979749 4a98               Options.memtable_whole_key_filtering: 0
2024/06/25-12:47:11.979768 4a98   Options.memtable_huge_page_size: 0
2024/06/25-12:47:11.979772 4a98                           Options.bloom_locality: 0
2024/06/25-12:47:11.979777 4a98                    Options.max_successive_merges: 0
2024/06/25-12:47:11.979781 4a98                Options.optimize_filters_for_hits: 0
2024/06/25-12:47:11.979785 4a98                Options.paranoid_file_checks: 0
2024/06/25-12:47:11.979789 4a98                Options.force_consistency_checks: 1
2024/06/25-12:47:11.979794 4a98                Options.report_bg_io_stats: 0
2024/06/25-12:47:11.979798 4a98                               Options.ttl: 2592000
2024/06/25-12:47:11.979802 4a98          Options.periodic_compaction_seconds: 0
2024/06/25-12:47:11.979806 4a98  Options.preclude_last_level_data_seconds: 0
2024/06/25-12:47:11.979810 4a98    Options.preserve_internal_time_seconds: 0
2024/06/25-12:47:11.979814 4a98                       Options.enable_blob_files: false
2024/06/25-12:47:11.979818 4a98                           Options.min_blob_size: 0
2024/06/25-12:47:11.979822 4a98                          Options.blob_file_size: 268435456
2024/06/25-12:47:11.979827 4a98                   Options.blob_compression_type: NoCompression
2024/06/25-12:47:11.979832 4a98          Options.enable_blob_garbage_collection: false
2024/06/25-12:47:11.979836 4a98      Options.blob_garbage_collection_age_cutoff: 0.250000
2024/06/25-12:47:11.979841 4a98 Options.blob_garbage_collection_force_threshold: 1.000000
2024/06/25-12:47:11.979846 4a98          Options.blob_compaction_readahead_size: 0
2024/06/25-12:47:11.979850 4a98                Options.blob_file_starting_level: 0
2024/06/25-12:47:11.979855 4a98 Options.experimental_mempurge_threshold: 0.000000
2024/06/25-12:47:11.981318 4a98 [db\version_set.cc:5660] Recovered from manifest file:C:\Users\jwach\Projects\TSWrappedGeniusSDK\SuperGNUSNode.TestNet.0xfeed/MANIFEST-000005 succeeded,manifest_file_number is 5, next_file_number is 7, last_sequence is 0, log_number is 0,prev_log_number is 0,max_column_family is 0,min_log_number_to_keep is 0
2024/06/25-12:47:11.981335 4a98 [db\version_set.cc:5669] Column family [default] (ID 0), log number is 0
2024/06/25-12:47:11.981423 4a98 [db\db_impl\db_impl_open.cc:539] DB ID: 39654a27-3312-11ef-9989-b81ea4ac6d9c
2024/06/25-12:47:11.981668 4a98 EVENT_LOG_v1 {"time_micros": 1719334031981651, "job": 1, "event": "recovery_started", "wal_files": [4]}
2024/06/25-12:47:11.981684 4a98 [db\db_impl\db_impl_open.cc:1045] Recovering log #4 mode 2
2024/06/25-12:47:11.982171 4a98 [DEBUG] [db\db_impl\db_impl_open.cc:1505] [default] [WriteLevel0TableForRecovery] Level-0 table #8: started
2024/06/25-12:47:11.984536 4a98 EVENT_LOG_v1 {"time_micros": 1719334031984431, "cf_name": "default", "job": 1, "event": "table_file_creation", "file_number": 8, "file_size": 3942, "file_checksum": "", "file_checksum_func_name": "Unknown", "smallest_seqno": 1, "largest_seqno": 29, "table_properties": {"data_size": 2748, "index_size": 99, "index_partitions": 0, "top_level_index_size": 0, "index_key_is_user_key": 1, "index_value_is_delta_encoded": 1, "filter_size": 69, "raw_key_size": 1531, "raw_average_key_size": 61, "raw_value_size": 1521, "raw_average_value_size": 60, "num_data_blocks": 1, "num_entries": 25, "num_filter_entries": 31, "num_deletions": 4, "num_merge_operands": 0, "num_range_deletions": 0, "format_version": 0, "fixed_key_len": 0, "filter_policy": "bloomfilter", "column_family_name": "default", "column_family_id": 0, "comparator": "leveldb.BytewiseComparator", "merge_operator": "nullptr", "prefix_extractor_name": "rocksdb.CappedPrefix.3", "property_collectors": "[]", "compression": "NoCompression", "compression_options": "window_bits=-14; level=32767; strategy=0; max_dict_bytes=0; zstd_max_train_bytes=0; enabled=0; max_dict_buffer_bytes=0; use_zstd_dict_trainer=1; ", "creation_time": 1719334031, "oldest_key_time": 0, "file_creation_time": 0, "slow_compression_estimated_data_size": 0, "fast_compression_estimated_data_size": 0, "db_id": "39654a27-3312-11ef-9989-b81ea4ac6d9c", "db_session_id": "LRIMIHKFJ5R0CJB3Y404", "orig_file_number": 8, "seqno_to_time_mapping": "N/A"}}
2024/06/25-12:47:11.984559 4a98 [DEBUG] [db\db_impl\db_impl_open.cc:1568] [default] [WriteLevel0TableForRecovery] Level-0 table #8: 3942 bytes OK
2024/06/25-12:47:11.985262 4a98 EVENT_LOG_v1 {"time_micros": 1719334031985250, "job": 1, "event": "recovery_finished"}
2024/06/25-12:47:11.985684 4a98 [db\version_set.cc:5127] Creating manifest 10
2024/06/25-12:47:11.994645 4a98 [DEBUG] [db\db_impl\db_impl_files.cc:370] [JOB 2] Delete C:\Users\jwach\Projects\TSWrappedGeniusSDK\SuperGNUSNode.TestNet.0xfeed/MANIFEST-000005 type=3 #5 -- OK
2024/06/25-12:47:11.994718 4a98 [file\delete_scheduler.cc:78] Deleted file C:\Users\jwach\Projects\TSWrappedGeniusSDK\SuperGNUSNode.TestNet.0xfeed/000004.log immediately, rate_bytes_per_sec 0, total_trash_size 0 max_trash_db_ratio 0.250000
2024/06/25-12:47:11.994732 4a98 [DEBUG] [db\db_impl\db_impl_files.cc:370] [JOB 2] Delete C:\Users\jwach\Projects\TSWrappedGeniusSDK\SuperGNUSNode.TestNet.0xfeed/000004.log type=0 #4 -- OK
2024/06/25-12:47:11.994773 4a98 [db\db_impl\db_impl_open.cc:1988] SstFileManager instance 000001ABAE9A1A40
2024/06/25-12:47:11.994915 4a98 DB pointer 000001ABAE8F54C0
2024/06/25-12:47:11.995419 5e98 [db\db_impl\db_impl.cc:1110] ------- DUMPING STATS -------
2024/06/25-12:47:11.995434 5e98 [db\db_impl\db_impl.cc:1111] 
** DB Stats **
Uptime(secs): 0.0 total, 0.0 interval
Cumulative writes: 0 writes, 0 keys, 0 commit groups, 0.0 writes per commit group, ingest: 0.00 GB, 0.00 MB/s
Cumulative WAL: 0 writes, 0 syncs, 0.00 writes per sync, written: 0.00 GB, 0.00 MB/s
Cumulative stall: 00:00:0.000 H:M:S, 0.0 percent
Interval writes: 0 writes, 0 keys, 0 commit groups, 0.0 writes per commit group, ingest: 0.00 MB, 0.00 MB/s
Interval WAL: 0 writes, 0 syncs, 0.00 writes per sync, written: 0.00 GB, 0.00 MB/s
Interval stall: 00:00:0.000 H:M:S, 0.0 percent

** Compaction Stats [default] **
Level    Files   Size     Score Read(GB)  Rn(GB) Rnp1(GB) Write(GB) Wnew(GB) Moved(GB) W-Amp Rd(MB/s) Wr(MB/s) Comp(sec) CompMergeCPU(sec) Comp(cnt) Avg(sec) KeyIn KeyDrop Rblob(GB) Wblob(GB)
------------------------------------------------------------------------------------------------------------------------------------------------------------------------------------------------
  L0      1/0    3.85 KB   0.2      0.0     0.0      0.0       0.0      0.0       0.0   1.0      0.0      1.6      0.00              0.00         1    0.002       0      0       0.0       0.0
 Sum      1/0    3.85 KB   0.0      0.0     0.0      0.0       0.0      0.0       0.0   1.0      0.0      1.6      0.00              0.00         1    0.002       0      0       0.0       0.0
 Int      0/0    0.00 KB   0.0      0.0     0.0      0.0       0.0      0.0       0.0   1.0      0.0      1.6      0.00              0.00         1    0.002       0      0       0.0       0.0

** Compaction Stats [default] **
Priority    Files   Size     Score Read(GB)  Rn(GB) Rnp1(GB) Write(GB) Wnew(GB) Moved(GB) W-Amp Rd(MB/s) Wr(MB/s) Comp(sec) CompMergeCPU(sec) Comp(cnt) Avg(sec) KeyIn KeyDrop Rblob(GB) Wblob(GB)
---------------------------------------------------------------------------------------------------------------------------------------------------------------------------------------------------
User      0/0    0.00 KB   0.0      0.0     0.0      0.0       0.0      0.0       0.0   0.0      0.0      1.6      0.00              0.00         1    0.002       0      0       0.0       0.0

Blob file count: 0, total size: 0.0 GB, garbage size: 0.0 GB, space amp: 0.0

Uptime(secs): 0.0 total, 0.0 interval
Flush(GB): cumulative 0.000, interval 0.000
AddFile(GB): cumulative 0.000, interval 0.000
AddFile(Total Files): cumulative 0, interval 0
AddFile(L0 Files): cumulative 0, interval 0
AddFile(Keys): cumulative 0, interval 0
Cumulative compaction: 0.00 GB write, 0.23 MB/s write, 0.00 GB read, 0.00 MB/s read, 0.0 seconds
Interval compaction: 0.00 GB write, 0.23 MB/s write, 0.00 GB read, 0.00 MB/s read, 0.0 seconds
Stalls(count): 0 level0_slowdown, 0 level0_slowdown_with_compaction, 0 level0_numfiles, 0 level0_numfiles_with_compaction, 0 stop for pending_compaction_bytes, 0 slowdown for pending_compaction_bytes, 0 memtable_compaction, 0 memtable_slowdown, interval 0 total count
Block cache LRUCache@000001ABACB00820#9980 capacity: 8.00 MB usage: 0.08 KB table_size: 256 occupancy: 87 collections: 1 last_copies: 0 last_secs: 5.3e-05 secs_since: 0
Block cache entry stats(count,size,portion): Misc(1,0.00 KB,0%)

** File Read Latency Histogram By Level [default] **
2024/06/25-12:57:11.999249 5e98 [db\db_impl\db_impl.cc:1110] ------- DUMPING STATS -------
2024/06/25-12:57:11.999342 5e98 [db\db_impl\db_impl.cc:1111] 
** DB Stats **
Uptime(secs): 600.0 total, 600.0 interval
Cumulative writes: 0 writes, 0 keys, 0 commit groups, 0.0 writes per commit group, ingest: 0.00 GB, 0.00 MB/s
Cumulative WAL: 0 writes, 0 syncs, 0.00 writes per sync, written: 0.00 GB, 0.00 MB/s
Cumulative stall: 00:00:0.000 H:M:S, 0.0 percent
Interval writes: 0 writes, 0 keys, 0 commit groups, 0.0 writes per commit group, ingest: 0.00 MB, 0.00 MB/s
Interval WAL: 0 writes, 0 syncs, 0.00 writes per sync, written: 0.00 GB, 0.00 MB/s
Interval stall: 00:00:0.000 H:M:S, 0.0 percent

** Compaction Stats [default] **
Level    Files   Size     Score Read(GB)  Rn(GB) Rnp1(GB) Write(GB) Wnew(GB) Moved(GB) W-Amp Rd(MB/s) Wr(MB/s) Comp(sec) CompMergeCPU(sec) Comp(cnt) Avg(sec) KeyIn KeyDrop Rblob(GB) Wblob(GB)
------------------------------------------------------------------------------------------------------------------------------------------------------------------------------------------------
  L0      1/0    3.85 KB   0.2      0.0     0.0      0.0       0.0      0.0       0.0   1.0      0.0      1.6      0.00              0.00         1    0.002       0      0       0.0       0.0
 Sum      1/0    3.85 KB   0.0      0.0     0.0      0.0       0.0      0.0       0.0   1.0      0.0      1.6      0.00              0.00         1    0.002       0      0       0.0       0.0
 Int      0/0    0.00 KB   0.0      0.0     0.0      0.0       0.0      0.0       0.0   0.0      0.0      0.0      0.00              0.00         0    0.000       0      0       0.0       0.0

** Compaction Stats [default] **
Priority    Files   Size     Score Read(GB)  Rn(GB) Rnp1(GB) Write(GB) Wnew(GB) Moved(GB) W-Amp Rd(MB/s) Wr(MB/s) Comp(sec) CompMergeCPU(sec) Comp(cnt) Avg(sec) KeyIn KeyDrop Rblob(GB) Wblob(GB)
---------------------------------------------------------------------------------------------------------------------------------------------------------------------------------------------------
User      0/0    0.00 KB   0.0      0.0     0.0      0.0       0.0      0.0       0.0   0.0      0.0      1.6      0.00              0.00         1    0.002       0      0       0.0       0.0

Blob file count: 0, total size: 0.0 GB, garbage size: 0.0 GB, space amp: 0.0

Uptime(secs): 600.0 total, 600.0 interval
Flush(GB): cumulative 0.000, interval 0.000
AddFile(GB): cumulative 0.000, interval 0.000
AddFile(Total Files): cumulative 0, interval 0
AddFile(L0 Files): cumulative 0, interval 0
AddFile(Keys): cumulative 0, interval 0
Cumulative compaction: 0.00 GB write, 0.00 MB/s write, 0.00 GB read, 0.00 MB/s read, 0.0 seconds
Interval compaction: 0.00 GB write, 0.00 MB/s write, 0.00 GB read, 0.00 MB/s read, 0.0 seconds
Stalls(count): 0 level0_slowdown, 0 level0_slowdown_with_compaction, 0 level0_numfiles, 0 level0_numfiles_with_compaction, 0 stop for pending_compaction_bytes, 0 slowdown for pending_compaction_bytes, 0 memtable_compaction, 0 memtable_slowdown, interval 0 total count
Block cache LRUCache@000001ABACB00820#9980 capacity: 8.00 MB usage: 2.93 KB table_size: 256 occupancy: 87 collections: 2 last_copies: 0 last_secs: 0.000387 secs_since: 0
Block cache entry stats(count,size,portion): DataBlock(1,2.76 KB,0.0336528%) Misc(1,0.00 KB,0%)

** File Read Latency Histogram By Level [default] **
2024/06/25-13:07:12.006548 5e98 [db\db_impl\db_impl.cc:1110] ------- DUMPING STATS -------
2024/06/25-13:07:12.006640 5e98 [db\db_impl\db_impl.cc:1111] 
** DB Stats **
Uptime(secs): 1200.0 total, 600.0 interval
Cumulative writes: 0 writes, 0 keys, 0 commit groups, 0.0 writes per commit group, ingest: 0.00 GB, 0.00 MB/s
Cumulative WAL: 0 writes, 0 syncs, 0.00 writes per sync, written: 0.00 GB, 0.00 MB/s
Cumulative stall: 00:00:0.000 H:M:S, 0.0 percent
Interval writes: 0 writes, 0 keys, 0 commit groups, 0.0 writes per commit group, ingest: 0.00 MB, 0.00 MB/s
Interval WAL: 0 writes, 0 syncs, 0.00 writes per sync, written: 0.00 GB, 0.00 MB/s
Interval stall: 00:00:0.000 H:M:S, 0.0 percent

** Compaction Stats [default] **
Level    Files   Size     Score Read(GB)  Rn(GB) Rnp1(GB) Write(GB) Wnew(GB) Moved(GB) W-Amp Rd(MB/s) Wr(MB/s) Comp(sec) CompMergeCPU(sec) Comp(cnt) Avg(sec) KeyIn KeyDrop Rblob(GB) Wblob(GB)
------------------------------------------------------------------------------------------------------------------------------------------------------------------------------------------------
  L0      1/0    3.85 KB   0.2      0.0     0.0      0.0       0.0      0.0       0.0   1.0      0.0      1.6      0.00              0.00         1    0.002       0      0       0.0       0.0
 Sum      1/0    3.85 KB   0.0      0.0     0.0      0.0       0.0      0.0       0.0   1.0      0.0      1.6      0.00              0.00         1    0.002       0      0       0.0       0.0
 Int      0/0    0.00 KB   0.0      0.0     0.0      0.0       0.0      0.0       0.0   0.0      0.0      0.0      0.00              0.00         0    0.000       0      0       0.0       0.0

** Compaction Stats [default] **
Priority    Files   Size     Score Read(GB)  Rn(GB) Rnp1(GB) Write(GB) Wnew(GB) Moved(GB) W-Amp Rd(MB/s) Wr(MB/s) Comp(sec) CompMergeCPU(sec) Comp(cnt) Avg(sec) KeyIn KeyDrop Rblob(GB) Wblob(GB)
---------------------------------------------------------------------------------------------------------------------------------------------------------------------------------------------------
User      0/0    0.00 KB   0.0      0.0     0.0      0.0       0.0      0.0       0.0   0.0      0.0      1.6      0.00              0.00         1    0.002       0      0       0.0       0.0

Blob file count: 0, total size: 0.0 GB, garbage size: 0.0 GB, space amp: 0.0

Uptime(secs): 1200.0 total, 600.0 interval
Flush(GB): cumulative 0.000, interval 0.000
AddFile(GB): cumulative 0.000, interval 0.000
AddFile(Total Files): cumulative 0, interval 0
AddFile(L0 Files): cumulative 0, interval 0
AddFile(Keys): cumulative 0, interval 0
Cumulative compaction: 0.00 GB write, 0.00 MB/s write, 0.00 GB read, 0.00 MB/s read, 0.0 seconds
Interval compaction: 0.00 GB write, 0.00 MB/s write, 0.00 GB read, 0.00 MB/s read, 0.0 seconds
Stalls(count): 0 level0_slowdown, 0 level0_slowdown_with_compaction, 0 level0_numfiles, 0 level0_numfiles_with_compaction, 0 stop for pending_compaction_bytes, 0 slowdown for pending_compaction_bytes, 0 memtable_compaction, 0 memtable_slowdown, interval 0 total count
Block cache LRUCache@000001ABACB00820#9980 capacity: 8.00 MB usage: 2.93 KB table_size: 256 occupancy: 87 collections: 3 last_copies: 0 last_secs: 0.000423 secs_since: 0
Block cache entry stats(count,size,portion): DataBlock(1,2.76 KB,0.0336528%) Misc(1,0.00 KB,0%)

** File Read Latency Histogram By Level [default] **
2024/06/25-13:17:12.008515 5e98 [db\db_impl\db_impl.cc:1110] ------- DUMPING STATS -------
2024/06/25-13:17:12.008748 5e98 [db\db_impl\db_impl.cc:1111] 
** DB Stats **
Uptime(secs): 1800.0 total, 600.0 interval
Cumulative writes: 0 writes, 0 keys, 0 commit groups, 0.0 writes per commit group, ingest: 0.00 GB, 0.00 MB/s
Cumulative WAL: 0 writes, 0 syncs, 0.00 writes per sync, written: 0.00 GB, 0.00 MB/s
Cumulative stall: 00:00:0.000 H:M:S, 0.0 percent
Interval writes: 0 writes, 0 keys, 0 commit groups, 0.0 writes per commit group, ingest: 0.00 MB, 0.00 MB/s
Interval WAL: 0 writes, 0 syncs, 0.00 writes per sync, written: 0.00 GB, 0.00 MB/s
Interval stall: 00:00:0.000 H:M:S, 0.0 percent
